3
2
3
9 14 14 10 0 -1
9 14 7 5 0 2
16 19 7 5 0 2
haar_x2_y2
-3.183278e-002 0 1
2
9 2 4 7 0 -1
9 2 2 7 0 2
tilted_haar_x2
3.525446e-002 -1 -2
7.463788e-001 -8.347573e-001 4.089107e-001 
2
2
10 0 4 4 0 -1
10 1 4 2 0 2
haar_y4
-2.558882e-003 0 1
2
5 22 3 2 0 -1
5 23 3 1 0 2
haar_y2
3.266543e-003 -1 -2
6.306320e-001 -7.560227e-001 4.561603e-001 
2
2
0 15 14 3 0 -1
7 15 7 3 0 2
haar_x2
-2.148434e-002 0 1
2
15 0 5 8 0 -1
15 2 5 4 0 2
haar_y4
3.667051e-002 -1 -2
4.662624e-001 -8.667228e-001 7.295815e-001 
-1.245320e+000

-1
-1
