5
2
2
8 18 10 4 0 -1
8 20 10 2 0 2
haar_y2
6.533984e-003 0 1
2
20 20 4 3 0 -1
22 20 2 3 0 2
haar_x2
3.164988e-003 -1 -2
-6.193010e-001 -3.111311e-001 8.216401e-001 
2
2
5 1 15 12 0 -1
5 7 15 6 0 2
haar_y2
-3.713449e-002 0 1
2
18 7 6 8 0 -1
18 9 6 4 0 2
haar_y4
-3.322022e-002 -1 -2
5.174763e-001 7.927116e-001 -8.645655e-001 
2
2
1 14 12 4 0 -1
7 14 6 4 0 2
haar_x2
-3.412723e-002 1 0
3
8 14 14 10 0 -1
8 14 7 5 0 2
15 19 7 5 0 2
haar_x2_y2
-2.102516e-002 -1 -2
-5.426104e-001 8.145292e-001 -3.185837e-001 
2
2
10 0 5 2 0 -1
10 1 5 1 0 2
haar_y2
-2.600539e-003 0 1
2
2 21 19 3 0 -1
2 22 19 1 0 3
haar_y3
-1.428586e-002 -1 -2
6.601395e-001 4.113411e-001 -6.812373e-001 
2
2
0 22 8 2 0 -1
4 22 4 2 0 2
haar_x2
-4.991786e-005 1 0
2
19 23 4 1 0 -1
21 23 2 1 0 2
haar_x2
-3.017571e-004 -1 -2
-8.101684e-001 -7.881134e-001 4.861937e-001 
-1.128942e+000

0
-1
