rawdata/trainpos0000.bmp 1 155 184 147 56
rawdata/trainpos0001.bmp 2 206 195 183 60 66 192 128 41
rawdata/trainpos0002.bmp 1 74 136 332 174
rawdata/trainpos0003.bmp 1 49 154 413 176
rawdata/trainpos0004.bmp 3 98 197 68 38 165 190 111 52 343 191 107 40
rawdata/trainpos0005.bmp 2 7 192 213 65 280 187 231 83
rawdata/trainpos0006.bmp 2 27 173 436 129 118 130 166 46
rawdata/trainpos0007.bmp 1 24 119 471 190
rawdata/trainpos0008.bmp 2 29 161 211 147 240 160 248 170
rawdata/trainpos0009.bmp 1 101 107 293 219
rawdata/trainpos0010.bmp 1 121 67 267 264
rawdata/trainpos0011.bmp 1 141 119 210 186
rawdata/trainpos0012.bmp 1 113 129 299 190
rawdata/trainpos0013.bmp 1 158 126 253 160
rawdata/trainpos0014.bmp 2 82 191 136 57 4 205 95 90
rawdata/trainpos0015.bmp 9 24 188 54 91 63 181 79 89 142 174 54 69 187 175 44 58 222 185 53 48 269 170 32 45 292 171 37 47 353 163 39 34 456 163 39 22
rawdata/trainpos0016.bmp 7 242 189 29 22 283 189 26 22 6 204 44 55 43 193 35 49 78 198 34 44 112 199 23 37 142 186 31 40
rawdata/trainpos0017.bmp 2 51 140 334 166 384 163 125 129
rawdata/trainpos0018.bmp 1 24 121 412 178
rawdata/trainpos0019.bmp 1 35 131 454 137
rawdata/trainpos0020.bmp 2 78 151 178 136 236 144 212 128
rawdata/trainpos0021.bmp 1 28 139 442 196
rawdata/trainpos0022.bmp 4 178 159 208 100 86 157 83 87 3 156 95 66 411 157 92 56
rawdata/trainpos0023.bmp 3 3 146 160 127 176 149 153 136 376 134 125 82
rawdata/trainpos0024.bmp 3 142 160 288 142 39 151 228 80 54 148 22 30
rawdata/trainpos0025.bmp 4 95 181 101 75 200 185 104 71 313 191 91 74 427 191 82 76
rawdata/trainpos0026.bmp 4 2 192 168 72 164 196 77 60 204 189 150 61 338 178 44 33
rawdata/trainpos0027.bmp 4 308 177 114 55 212 169 90 63 74 180 93 49 2 184 62 47
rawdata/trainpos0028.bmp 9 266 254 242 149 463 187 43 27 435 182 28 29 395 190 38 22 339 192 58 23 268 197 62 22 202 199 27 16 155 196 42 29 103 197 52 28
rawdata/trainpos0029.bmp 3 65 175 98 58 158 173 128 58 269 183 144 71
rawdata/trainpos0030.bmp 3 195 161 125 89 89 163 88 85 363 149 113 92
rawdata/trainpos0031.bmp 4 76 157 299 121 3 169 101 185 381 178 102 92 436 152 73 96
rawdata/trainpos0032.bmp 4 2 139 115 135 181 133 141 131 302 125 106 85 112 115 55 48
rawdata/trainpos0033.bmp 5 347 164 162 109 216 169 129 85 126 171 86 80 44 171 81 68 4 177 45 59
rawdata/trainpos0034.bmp 5 439 183 71 93 348 181 83 76 289 190 53 59 259 188 32 55 234 191 23 41
rawdata/trainpos0035.bmp 6 41 193 192 70 180 174 111 72 274 177 76 48 331 167 61 48 381 146 52 60 428 160 36 37
rawdata/trainpos0036.bmp 3 183 154 124 117 359 154 151 94 3 162 117 121
rawdata/trainpos0037.bmp 5 180 143 253 208 0 130 173 136 372 107 139 56 99 106 71 38 157 101 47 30
rawdata/trainpos0038.bmp 1 108 69 289 272
rawdata/trainpos0039.bmp 4 340 145 159 152 200 130 163 137 86 124 144 126 15 147 61 77
rawdata/trainpos0040.bmp 3 17 155 176 245 120 130 194 147 406 99 51 38
rawdata/trainpos0041.bmp 1 91 96 292 222
rawdata/trainpos0042.bmp 3 152 84 257 212 403 103 102 139 9 99 107 164
rawdata/trainpos0043.bmp 5 4 182 75 115 92 184 95 80 178 167 95 90 269 167 66 73 378 176 59 40
rawdata/trainpos0044.bmp 3 37 109 351 241 391 54 102 96 4 86 153 90
rawdata/trainpos0045.bmp 2 56 85 287 286 10 56 75 156
rawdata/trainpos0046.bmp 4 2 195 211 103 199 190 67 88 251 185 80 84 329 161 48 93
rawdata/trainpos0047.bmp 1 148 116 351 167
rawdata/trainpos0048.bmp 1 58 80 420 190
rawdata/trainpos0049.bmp 4 28 324 88 44 238 322 61 23 434 330 70 19 368 328 28 19
