9
2
3
5 22 10 2 0 -1
5 22 5 1 0 2
10 23 5 1 0 2
haar_x2_y2
-2.543589e-003 1 0
2
0 23 14 1 0 -1
7 23 7 1 0 2
haar_x2
-9.549666e-003 -1 -2
-2.575895e-001 -8.103763e-001 5.534224e-001 
2
2
11 5 1 6 0 -1
11 8 1 3 0 2
haar_y2
-2.066536e-005 1 0
2
7 2 12 9 0 -1
11 5 4 3 0 9
haar_point
-1.820515e-002 -1 -2
-4.459842e-001 4.640850e-001 -2.794822e-001 
2
2
18 11 6 6 0 -1
18 13 6 2 0 3
haar_y3
2.588951e-002 1 0
2
9 21 6 2 0 -1
9 22 6 1 0 2
haar_y2
-3.662695e-004 -1 -2
6.017479e-001 1.124236e-001 -6.505284e-001 
2
3
2 0 12 2 0 -1
2 0 6 1 0 2
8 1 6 1 0 2
haar_x2_y2
-4.931486e-003 0 1
2
4 4 17 3 0 -1
4 5 17 1 0 3
haar_y3
-5.529923e-003 -1 -2
4.199284e-001 2.698328e-001 -4.617440e-001 
2
2
13 3 5 12 0 -1
13 9 5 6 0 2
haar_y2
-4.191346e-003 1 0
2
0 0 21 14 0 -1
0 7 21 7 0 2
haar_y2
-3.108332e-001 -1 -2
-5.791845e-001 -8.652422e-001 2.928663e-001 
2
2
20 15 4 4 0 -1
20 15 4 2 0 2
tilted_haar_y2
1.304193e-002 0 1
2
21 17 3 2 0 -1
22 17 1 2 0 3
haar_x3
2.816525e-004 -1 -2
-3.865641e-001 4.555054e-001 -4.486905e-001 
2
2
0 23 8 1 0 -1
4 23 4 1 0 2
haar_x2
-1.407074e-004 1 0
2
2 22 4 2 0 -1
4 22 2 2 0 2
haar_x2
-5.798004e-003 -1 -2
-6.633139e-001 -7.668895e-001 2.675049e-001 
2
2
21 16 3 3 0 -1
22 16 1 3 0 3
haar_x3
-3.086258e-004 0 1
2
23 5 1 12 0 -1
23 8 1 6 0 2
haar_y4
-2.533024e-003 -1 -2
-5.060563e-001 4.750058e-001 -2.294562e-001 
2
2
6 12 9 6 0 -1
9 14 3 2 0 9
haar_point
-1.173153e-003 1 0
2
8 1 4 2 0 -1
9 1 2 2 0 2
haar_x4
-5.756487e-004 -1 -2
-5.343784e-001 5.239419e-001 -1.658570e-001 
-9.420078e-001

13
-1
