4
2
2
3 4 20 14 0 -1
8 4 10 14 0 2
haar_x4
-1.665886e-001 0 1
2
6 9 6 6 0 -1
8 11 2 6 0 3
tilted_haar_x3
3.310460e-002 -1 -2
6.633452e-001 -7.134081e-001 3.632063e-001 
2
2
3 22 2 2 0 -1
4 22 1 2 0 2
haar_x2
1.581859e-004 1 0
2
0 19 4 5 0 -1
2 19 2 5 0 2
haar_x2
-1.559523e-005 -1 -2
-8.459567e-001 4.853361e-001 -5.221280e-001 
2
2
21 16 1 6 0 -1
19 18 1 2 0 3
tilted_haar_y3
-5.339729e-003 1 0
2
7 16 12 8 0 -1
7 20 12 4 0 2
haar_y2
3.103558e-003 -1 -2
-4.067005e-001 -6.079483e-001 6.658348e-001 
2
2
4 1 18 9 0 -1
10 1 6 9 0 3
haar_x3
-1.089753e-001 0 1
2
12 0 1 15 0 -1
12 5 1 5 0 3
haar_y3
2.198875e-002 -1 -2
5.377530e-001 -5.101779e-001 7.435114e-001 
-1.144950e+000

2
-1
