5
2
3
20 16 4 6 0 -1
20 16 2 3 0 2
22 19 2 3 0 2
haar_x2_y2
2.437608e-003 0 1
2
9 19 9 4 0 -1
9 20 9 2 0 2
haar_y4
1.761939e-003 -1 -2
-4.663193e-001 -3.941230e-001 6.695415e-001 
2
2
10 4 6 6 0 -1
10 7 6 3 0 2
haar_y2
-1.617616e-003 1 0
2
7 0 8 4 0 -1
7 1 8 2 0 2
haar_y4
-3.594612e-003 -1 -2
-6.291137e-001 6.318723e-001 -2.485794e-001 
2
2
19 11 5 6 0 -1
19 13 5 2 0 3
haar_y3
1.798843e-002 1 0
2
0 20 2 4 0 -1
0 22 2 2 0 2
haar_y2
-6.986518e-004 -1 -2
6.983263e-001 2.088555e-001 -6.722080e-001 
2
2
8 16 7 8 0 -1
8 20 7 4 0 2
haar_y2
8.096525e-003 0 1
2
16 23 8 1 0 -1
20 23 4 1 0 2
haar_x2
-7.337658e-004 -1 -2
-6.417025e-001 -6.693892e-001 4.592854e-001 
2
2
17 22 4 2 0 -1
17 23 4 1 0 2
haar_y2
1.913329e-003 0 1
2
23 22 1 2 0 -1
23 23 1 1 0 2
haar_y2
9.402311e-004 -1 -2
-3.731854e-001 6.380513e-001 -9.777550e-001 
-1.301007e+000

5
-1
