7
2
2
22 22 2 2 0 -1
23 22 1 2 0 2
haar_x2
1.559523e-005 0 1
2
22 23 2 1 0 -1
23 23 1 1 0 2
haar_x2
8.210004e-004 -1 -2
-5.264266e-001 4.212254e-001 -6.129610e-001 
2
2
6 15 2 7 0 -1
7 15 1 7 0 2
haar_x2
-4.763365e-004 1 0
2
3 17 2 1 0 -1
4 17 1 1 0 2
haar_x2
-1.962171e-004 -1 -2
-5.003393e-001 -3.949752e-001 4.435337e-001 
2
2
20 20 4 2 0 -1
22 20 2 2 0 2
haar_x2
3.251849e-003 0 1
2
7 16 6 8 0 -1
7 20 6 4 0 2
haar_y2
-4.240331e-003 -1 -2
-3.719147e-001 -9.089373e-001 4.852489e-001 
2
2
10 0 3 3 0 -1
10 1 3 1 0 3
haar_y3
-3.562775e-003 0 1
2
7 1 6 3 0 -1
9 2 2 1 0 9
haar_point
-9.306820e-003 -1 -2
4.332914e-001 2.243620e-001 -5.771910e-001 
2
2
0 18 1 6 0 -1
0 20 1 2 0 3
haar_y3
-1.694371e-003 0 1
2
0 21 24 3 0 -1
0 22 24 1 0 3
haar_y3
-8.139389e-003 -1 -2
-8.435435e-001 4.501811e-001 -2.788970e-001 
2
2
9 12 9 3 0 -1
12 12 3 3 0 3
haar_x3
-3.347519e-004 1 0
2
5 18 12 4 0 -1
5 20 12 2 0 2
haar_y2
-9.612414e-004 -1 -2
-5.455856e-001 -6.635775e-001 3.530108e-001 
2
2
10 23 3 1 0 -1
11 23 1 1 0 3
haar_x3
4.494429e-004 1 0
2
10 23 3 1 0 -1
11 23 1 1 0 3
haar_x3
-9.160250e-004 -1 -2
-7.539311e-001 -9.656774e-001 2.544075e-001 
-9.411867e-001

9
-1
