8
2
2
6 20 8 2 0 -1
10 20 4 2 0 2
haar_x2
7.872175e-003 1 0
3
1 22 14 2 0 -1
1 22 7 1 0 2
8 23 7 1 0 2
haar_x2_y2
4.699272e-003 -1 -2
5.181404e-001 -5.225258e-001 3.412680e-001 
2
2
0 10 7 3 0 -1
0 11 7 1 0 3
haar_y3
-4.362130e-003 0 1
2
5 6 5 6 0 -1
5 8 5 2 0 3
haar_y3
-1.337968e-003 -1 -2
4.105304e-001 5.574065e-002 -6.685200e-001 
2
2
0 22 4 2 0 -1
2 22 2 2 0 2
haar_x2
-3.942326e-005 1 0
2
3 18 20 3 0 -1
13 18 10 3 0 2
haar_x2
1.416525e-002 -1 -2
-5.132169e-001 3.854806e-001 -5.291162e-001 
2
2
18 23 6 1 0 -1
21 23 3 1 0 2
haar_x2
3.553021e-005 0 1
2
0 16 3 1 0 -1
1 16 1 1 0 3
haar_x3
-1.608262e-004 -1 -2
-6.028397e-001 -5.944904e-001 3.639847e-001 
2
2
18 23 4 1 0 -1
20 23 2 1 0 2
haar_x2
3.147469e-003 1 0
2
5 20 9 2 0 -1
8 20 3 2 0 3
haar_x3
8.078049e-003 -1 -2
-8.872342e-001 -8.752191e-002 6.414178e-001 
2
2
22 14 2 1 0 -1
23 14 1 1 0 2
haar_x2
2.438979e-004 1 0
2
20 12 3 6 0 -1
20 15 3 3 0 2
haar_y2
3.422619e-004 -1 -2
-5.516270e-001 -2.637658e-001 4.492934e-001 
2
2
14 0 10 13 0 -1
19 0 5 13 0 2
haar_x2
6.178340e-002 1 0
2
10 12 14 6 0 -1
17 12 7 6 0 2
haar_x2
4.089612e-002 -1 -2
3.904487e-001 -7.068052e-001 2.871211e-002 
2
3
13 2 6 2 0 -1
13 2 3 1 0 2
16 3 3 1 0 2
haar_x2_y2
-1.887631e-003 0 1
2
5 21 11 3 0 -1
5 22 11 1 0 3
haar_y3
-9.074449e-003 -1 -2
4.456429e-001 1.885187e-001 -5.555956e-001 
-1.161857e+000

10
-1
