8
2
3
18 17 4 6 0 -1
18 17 2 3 0 2
20 20 2 3 0 2
haar_x2_y2
-7.521544e-003 0 1
2
9 22 12 2 0 -1
9 23 12 1 0 2
haar_y2
9.024152e-003 -1 -2
4.706109e-001 -4.373601e-001 1.946419e-001 
2
2
8 23 6 1 0 -1
10 23 2 1 0 3
haar_x3
-1.815908e-003 0 1
2
20 22 2 2 0 -1
21 22 1 2 0 2
haar_x2
1.559523e-005 -1 -2
-7.156941e-001 -3.795997e-001 2.710662e-001 
2
2
0 16 3 6 0 -1
0 18 3 2 0 3
haar_y3
-5.923861e-004 0 1
2
3 14 11 6 0 -1
3 16 11 2 0 3
haar_y3
-1.094223e-002 -1 -2
2.565361e-001 1.578759e-001 -6.947415e-001 
2
2
1 2 14 9 0 -1
8 2 7 9 0 2
haar_x2
-9.363413e-002 1 0
2
13 3 4 9 0 -1
13 6 4 3 0 3
haar_y3
5.444815e-003 -1 -2
-2.887261e-001 4.343737e-001 -7.131761e-001 
2
2
2 11 1 8 0 -1
2 15 1 4 0 2
haar_y2
3.846848e-004 1 0
2
21 11 3 2 0 -1
21 12 3 1 0 2
haar_y2
4.269666e-003 -1 -2
2.660850e-001 -5.194684e-001 4.922948e-001 
2
2
4 3 4 3 0 -1
4 4 4 1 0 3
haar_y3
-1.652303e-003 0 1
2
20 0 3 4 0 -1
19 1 3 2 0 2
tilted_haar_y4
1.129326e-002 -1 -2
3.581943e-001 -3.707034e-001 6.047141e-001 
2
2
0 11 2 4 0 -1
1 11 1 4 0 2
haar_x2
-1.456055e-003 0 1
2
0 14 2 1 0 -1
1 14 1 1 0 2
haar_x2
1.224382e-004 -1 -2
-7.350726e-001 2.874607e-001 -4.538715e-001 
2
2
22 5 2 12 0 -1
22 11 2 6 0 2
haar_y2
-6.969181e-003 0 1
2
0 13 24 2 0 -1
6 13 12 2 0 2
haar_x4
-4.087393e-002 -1 -2
2.940148e-001 3.004344e-002 -7.039674e-001 
-7.579226e-001

15
-1
