8
2
2
6 20 15 3 0 -1
11 20 5 3 0 3
haar_x3
2.122409e-002 0 1
2
6 23 18 1 0 -1
12 23 6 1 0 3
haar_x3
1.170074e-002 -1 -2
-3.467839e-001 6.523476e-001 -8.208824e-001 
2
2
1 13 14 2 0 -1
8 13 7 2 0 2
haar_x2
-1.432894e-002 1 0
2
2 17 4 1 0 -1
3 17 2 1 0 2
haar_x4
-2.759536e-004 -1 -2
-5.600877e-001 -5.960047e-001 4.986171e-001 
2
2
8 2 6 8 0 -1
8 2 3 8 0 2
tilted_haar_x2
8.222171e-002 1 0
2
2 14 1 2 0 -1
2 14 1 1 0 2
tilted_haar_y2
8.021040e-004 -1 -2
5.593545e-001 -3.302496e-002 -8.922721e-001 
2
2
10 13 1 2 0 -1
10 14 1 1 0 2
haar_y2
2.549907e-004 1 0
2
21 13 2 2 0 -1
22 13 1 2 0 2
haar_x2
-8.791153e-004 -1 -2
-6.980147e-001 -7.551500e-001 3.171366e-001 
2
2
11 23 3 1 0 -1
12 23 1 1 0 3
haar_x3
2.786111e-004 1 0
2
21 22 2 1 0 -1
22 22 1 1 0 2
haar_x2
3.133979e-005 -1 -2
-7.220318e-001 -4.132750e-001 3.610850e-001 
2
2
4 23 4 1 0 -1
6 23 2 1 0 2
haar_x2
-1.589051e-005 1 0
2
21 17 3 1 0 -1
22 17 1 1 0 3
haar_x3
3.072004e-004 -1 -2
-4.932816e-001 4.046246e-001 -4.943776e-001 
2
2
8 2 9 5 0 -1
11 2 3 5 0 3
haar_x3
-1.517954e-002 0 1
2
16 13 4 3 0 -1
15 14 4 1 0 3
tilted_haar_y3
7.515035e-003 -1 -2
4.078367e-001 -4.722161e-001 5.053570e-001 
2
2
12 1 5 3 0 -1
12 2 5 1 0 3
haar_y3
-2.332221e-003 0 1
2
6 6 15 8 0 -1
11 6 5 8 0 3
haar_x3
5.435349e-002 -1 -2
3.645070e-001 -4.390817e-001 8.638875e-001 
-1.381910e+000

8
-1
