5
2
2
0 1 24 16 0 -1
8 1 8 16 0 3
haar_x3
-2.336434e-001 0 1
3
2 9 12 6 0 -1
2 9 6 3 0 2
8 12 6 3 0 2
haar_x2_y2
-3.708927e-002 -1 -2
5.878765e-001 4.431334e-001 -8.073771e-001 
2
2
7 18 12 4 0 -1
7 20 12 2 0 2
haar_y2
6.251262e-003 0 1
2
22 23 2 1 0 -1
23 23 1 1 0 2
haar_x2
-1.799528e-004 -1 -2
-6.398405e-001 -7.314314e-001 5.310125e-001 
2
2
18 19 6 4 0 -1
21 19 3 4 0 2
haar_x2
5.472306e-003 0 1
2
2 23 2 1 0 -1
3 23 1 1 0 2
haar_x2
1.372349e-004 -1 -2
-5.265410e-001 5.800242e-001 -6.520621e-001 
2
2
0 18 4 1 0 -1
1 18 2 1 0 2
haar_x4
-3.058722e-004 0 1
2
0 18 4 1 0 -1
1 18 2 1 0 2
haar_x4
1.748389e-004 -1 -2
-7.929695e-001 6.812113e-001 -5.168995e-001 
2
2
11 2 5 4 0 -1
11 3 5 2 0 2
haar_y4
3.687375e-003 1 0
2
21 10 3 6 0 -1
21 13 3 3 0 2
haar_y2
1.897784e-002 -1 -2
5.401083e-001 -5.923691e-001 5.365531e-001 
-1.120055e+000

1
-1
