8
2
2
6 23 18 1 0 -1
15 23 9 1 0 2
haar_x2
-1.157777e-002 0 1
2
1 18 2 1 0 -1
2 18 1 1 0 2
haar_x2
-2.583095e-004 -1 -2
-8.813545e-001 -6.701268e-001 3.381751e-001 
2
2
19 16 5 3 0 -1
18 17 5 1 0 3
tilted_haar_y3
-1.733862e-002 0 1
2
6 0 14 3 0 -1
6 1 14 1 0 3
haar_y3
-1.343414e-002 -1 -2
6.302021e-001 3.437797e-001 -4.931746e-001 
2
2
0 17 3 2 0 -1
1 17 1 2 0 3
haar_x3
-4.171277e-004 0 1
2
0 23 10 1 0 -1
5 23 5 1 0 2
haar_x2
-1.914517e-005 -1 -2
-7.152194e-001 4.045478e-001 -4.968913e-001 
2
2
0 10 1 2 0 -1
0 11 1 1 0 2
haar_y2
-1.117644e-004 0 1
2
0 9 24 4 0 -1
0 10 24 2 0 2
haar_y4
-8.694521e-003 -1 -2
3.604952e-001 1.298257e-001 -6.926754e-001 
2
2
10 4 14 15 0 -1
17 4 7 15 0 2
haar_x2
1.154551e-001 0 1
2
8 3 9 9 0 -1
11 6 3 3 0 9
haar_point
-2.022297e-002 -1 -2
-4.239261e-001 5.887663e-001 -4.954308e-001 
2
2
3 23 3 1 0 -1
4 23 1 1 0 3
haar_x3
3.242764e-004 1 0
2
4 22 8 2 0 -1
4 23 8 1 0 2
haar_y2
6.036797e-003 -1 -2
-7.040623e-001 -1.126960e-001 6.135056e-001 
2
2
21 14 3 1 0 -1
22 14 1 1 0 3
haar_x3
1.373756e-004 1 0
3
7 12 12 4 0 -1
7 12 6 2 0 2
13 14 6 2 0 2
haar_x2_y2
2.635573e-003 -1 -2
-6.237830e-001 -2.386338e-001 5.404788e-001 
2
2
23 9 1 6 0 -1
23 11 1 2 0 3
haar_y3
-1.372268e-003 0 1
2
7 20 12 3 0 -1
7 21 12 1 0 3
haar_y3
4.307589e-003 -1 -2
3.967343e-001 -7.094768e-001 1.654474e-001 
-1.095083e+000

7
-1
