7
2
2
18 15 5 4 0 -1
17 16 5 2 0 2
tilted_haar_y4
-7.413316e-003 1 0
2
6 9 8 6 0 -1
6 9 4 6 0 2
tilted_haar_x2
3.888045e-002 -1 -2
-4.600971e-001 -1.840373e-001 7.099515e-001 
2
2
4 4 20 5 0 -1
9 4 10 5 0 2
haar_x4
-5.634645e-002 1 0
2
5 1 18 12 0 -1
5 7 18 6 0 2
haar_y2
-6.769656e-002 -1 -2
-3.266433e-001 7.482057e-001 -3.802712e-001 
2
2
6 22 1 2 0 -1
6 23 1 1 0 2
haar_y2
9.842296e-004 1 0
3
5 0 8 2 0 -1
5 0 4 1 0 2
9 1 4 1 0 2
haar_x2_y2
-2.971623e-003 -1 -2
6.057652e-001 3.340406e-001 -5.141088e-001 
2
2
19 15 2 6 0 -1
19 18 2 3 0 2
haar_y2
-3.916864e-003 1 0
2
10 9 8 6 0 -1
12 11 4 6 0 2
tilted_haar_x4
-2.424816e-002 -1 -2
-3.997867e-001 7.143011e-001 -2.527723e-001 
2
2
22 15 2 2 0 -1
23 15 1 2 0 2
haar_x2
-4.665331e-004 0 1
2
0 23 24 1 0 -1
12 23 12 1 0 2
haar_x2
1.347492e-002 -1 -2
-7.400281e-001 3.089908e-001 -9.362141e-001 
2
2
6 4 12 2 0 -1
6 5 12 1 0 2
haar_y2
-3.217121e-003 0 1
2
19 10 5 3 0 -1
19 11 5 1 0 3
haar_y3
-7.580990e-003 -1 -2
3.579534e-001 4.300515e-001 -6.871669e-001 
2
2
0 21 4 2 0 -1
0 22 4 1 0 2
haar_y2
-4.360045e-004 1 0
2
7 3 8 16 0 -1
9 3 4 16 0 2
haar_x4
-3.915636e-003 -1 -2
-4.310691e-001 5.530621e-001 -4.194045e-001 
-1.390007e+000

6
-1
