9
2
2
10 21 12 1 0 -1
14 21 4 1 0 3
haar_x3
3.498506e-003 1 0
2
18 18 3 3 0 -1
17 19 3 1 0 3
tilted_haar_y3
-2.634711e-003 -1 -2
3.853678e-001 8.292156e-002 -6.085273e-001 
2
2
0 17 2 3 0 -1
1 17 1 3 0 2
haar_x2
6.335062e-004 1 0
2
2 16 1 2 0 -1
2 16 1 1 0 2
tilted_haar_y2
1.196574e-004 -1 -2
-6.930550e-001 -2.078405e-001 4.803030e-001 
2
2
13 3 1 6 0 -1
13 6 1 3 0 2
haar_y2
-1.320332e-004 1 0
2
7 0 6 2 0 -1
7 1 6 1 0 2
haar_y2
-3.501338e-003 -1 -2
-5.308253e-001 5.081720e-001 -1.561964e-001 
2
2
11 23 4 1 0 -1
12 23 2 1 0 2
haar_x4
-5.956618e-004 0 1
2
0 18 6 6 0 -1
2 18 2 6 0 3
haar_x3
-3.300210e-003 -1 -2
-6.932287e-001 -6.413730e-001 2.458539e-001 
2
3
5 22 8 2 0 -1
5 22 4 1 0 2
9 23 4 1 0 2
haar_x2_y2
-3.019174e-003 0 1
2
3 21 9 3 0 -1
6 21 3 3 0 3
haar_x3
1.034370e-003 -1 -2
4.212097e-001 -5.516601e-001 3.169608e-001 
2
2
11 5 7 4 0 -1
11 7 7 2 0 2
haar_y2
-1.820915e-002 0 1
2
6 6 7 2 0 -1
6 7 7 1 0 2
haar_y2
-1.287963e-003 -1 -2
-7.292747e-001 3.859804e-001 -2.655566e-001 
2
2
0 15 2 1 0 -1
1 15 1 1 0 2
haar_x2
-9.546320e-005 0 1
2
0 15 2 2 0 -1
1 15 1 2 0 2
haar_x2
1.823018e-004 -1 -2
-5.141197e-001 3.230760e-001 -4.371331e-001 
2
2
12 4 3 7 0 -1
13 5 1 7 0 3
tilted_haar_x3
-1.022526e-002 0 1
3
3 22 8 2 0 -1
3 22 4 1 0 2
7 23 4 1 0 2
haar_x2_y2
3.513038e-003 -1 -2
5.096176e-001 -3.726741e-001 3.997798e-001 
2
2
22 23 2 1 0 -1
23 23 1 1 0 2
haar_x2
3.083716e-005 0 1
2
22 23 2 1 0 -1
23 23 1 1 0 2
haar_x2
2.420625e-004 -1 -2
-4.087618e-001 5.239433e-001 -1.686710e-001 
-1.019359e+000

14
-1
