8
2
2
7 21 15 2 0 -1
12 21 5 2 0 3
haar_x3
1.489737e-002 1 0
2
19 21 2 1 0 -1
19 21 1 1 0 2
tilted_haar_x2
-1.055763e-003 -1 -2
4.192328e-001 1.397316e-001 -6.204893e-001 
2
2
0 19 24 5 0 -1
12 19 12 5 0 2
haar_x2
2.458156e-002 1 0
2
23 20 1 4 0 -1
23 22 1 2 0 2
haar_y2
2.324776e-003 -1 -2
-6.989214e-001 2.559691e-001 -6.762292e-001 
2
2
14 23 10 1 0 -1
19 23 5 1 0 2
haar_x2
-2.193477e-003 0 1
2
17 20 4 4 0 -1
19 20 2 4 0 2
haar_x2
-5.213978e-003 -1 -2
-6.686313e-001 7.152038e-001 -8.003556e-002 
2
2
0 2 7 18 0 -1
0 8 7 6 0 3
haar_y3
-3.664391e-002 0 1
2
0 9 15 12 0 -1
0 12 15 6 0 2
haar_y4
-3.432895e-002 -1 -2
3.085862e-001 2.100018e-001 -7.500619e-001 
2
2
2 10 12 2 0 -1
2 10 6 2 0 2
tilted_haar_x2
5.621747e-003 0 1
2
17 16 4 8 0 -1
17 18 4 4 0 2
haar_y4
-7.094244e-003 -1 -2
-5.029773e-001 4.758817e-001 -2.295373e-001 
2
2
6 20 8 3 0 -1
8 20 4 3 0 2
haar_x4
6.087684e-003 1 0
3
13 14 10 8 0 -1
13 14 5 4 0 2
18 18 5 4 0 2
haar_x2_y2
1.203342e-002 -1 -2
4.371147e-001 -3.789277e-001 4.537738e-001 
2
2
21 16 2 1 0 -1
22 16 1 1 0 2
haar_x2
-1.978901e-004 0 1
2
20 16 4 1 0 -1
22 16 2 1 0 2
haar_x2
5.254993e-004 -1 -2
-6.751933e-001 3.928755e-001 -3.102068e-001 
2
2
10 0 2 3 0 -1
11 0 1 3 0 2
haar_x2
-5.903941e-004 0 1
2
9 2 8 3 0 -1
13 2 4 3 0 2
haar_x2
1.300780e-002 -1 -2
3.705055e-001 -5.368830e-001 2.168915e-001 
-1.010631e+000

11
-1
