8
2
2
1 16 2 1 0 -1
2 16 1 1 0 2
haar_x2
-1.630161e-004 0 1
2
0 22 2 2 0 -1
1 22 1 2 0 2
haar_x2
-3.054771e-005 -1 -2
-5.535319e-001 4.378132e-001 -3.067936e-001 
2
2
20 17 3 4 0 -1
19 18 3 2 0 2
tilted_haar_y4
-8.257939e-003 1 0
2
7 2 10 7 0 -1
7 2 5 7 0 2
tilted_haar_x2
1.190533e-001 -1 -2
-3.201025e-001 -1.426174e-001 6.335621e-001 
2
2
23 16 1 8 0 -1
23 20 1 4 0 2
haar_y2
-4.725090e-003 0 1
2
15 23 6 1 0 -1
17 23 2 1 0 3
haar_x3
1.788847e-003 -1 -2
-9.180321e-001 2.331875e-001 -7.645368e-001 
2
3
6 13 12 4 0 -1
6 13 6 2 0 2
12 15 6 2 0 2
haar_x2_y2
5.461480e-003 1 0
2
0 20 1 4 0 -1
0 22 1 2 0 2
haar_y2
-1.533113e-004 -1 -2
3.519782e-001 5.157074e-002 -6.641124e-001 
2
2
0 16 6 3 0 -1
0 17 6 1 0 3
haar_y3
2.324209e-003 1 0
2
17 16 5 2 0 -1
17 16 5 1 0 2
tilted_haar_y2
-1.260221e-002 -1 -2
3.901232e-001 7.547601e-001 -3.911024e-001 
2
2
20 23 2 1 0 -1
21 23 1 1 0 2
haar_x2
-1.037162e-004 0 1
2
20 23 3 1 0 -1
21 23 1 1 0 3
haar_x3
1.640795e-004 -1 -2
-6.939967e-001 3.195401e-001 -4.223398e-001 
2
3
18 22 6 2 0 -1
18 22 3 1 0 2
21 23 3 1 0 2
haar_x2_y2
-3.764380e-003 0 1
3
12 20 10 2 0 -1
12 20 5 1 0 2
17 21 5 1 0 2
haar_x2_y2
9.155261e-004 -1 -2
5.042057e-001 -4.851075e-001 2.194240e-001 
2
2
0 23 10 1 0 -1
5 23 5 1 0 2
haar_x2
2.268401e-004 1 0
2
7 20 9 4 0 -1
7 22 9 2 0 2
haar_y2
-2.320813e-002 -1 -2
-7.186527e-001 -8.789145e-001 2.307954e-001 
-1.206210e+000

12
-1
