5
2
2
21 17 3 4 0 -1
20 18 3 2 0 2
tilted_haar_y4
-9.861661e-003 0 1
2
0 19 15 4 0 -1
0 20 15 2 0 2
haar_y4
8.138651e-003 -1 -2
6.899911e-001 -6.959707e-001 2.903393e-001 
2
2
0 10 8 3 0 -1
0 11 8 1 0 3
haar_y3
-6.622167e-003 0 1
2
9 0 3 3 0 -1
9 1 3 1 0 3
haar_y3
-4.388552e-003 -1 -2
6.827824e-001 4.481749e-001 -5.473709e-001 
2
2
1 13 12 4 0 -1
7 13 6 4 0 2
haar_x2
-4.249305e-002 1 0
2
5 22 17 2 0 -1
5 23 17 1 0 2
haar_y2
5.453885e-003 -1 -2
-4.305900e-001 -7.562443e-002 8.124931e-001 
2
2
22 18 2 1 0 -1
23 18 1 1 0 2
haar_x2
1.968326e-004 1 0
2
20 22 4 2 0 -1
22 22 2 2 0 2
haar_x2
2.339998e-005 -1 -2
-6.175417e-001 -6.384168e-001 5.168748e-001 
2
2
1 8 20 2 0 -1
6 8 10 2 0 2
haar_x4
-2.993665e-002 0 1
2
13 8 6 9 0 -1
15 10 2 9 0 3
tilted_haar_x3
-4.934232e-002 -1 -2
5.308020e-001 3.833796e-001 -5.633720e-001 
-1.365463e+000

4
-1
