5
2
2
3 23 3 1 0 -1
4 23 1 1 0 3
haar_x3
-9.485780e-004 0 1
2
0 16 3 2 0 -1
1 16 1 2 0 3
haar_x3
-5.179592e-004 -1 -2
-9.737325e-001 -7.092451e-001 4.137856e-001 
2
2
3 21 19 3 0 -1
3 22 19 1 0 3
haar_y3
-1.456221e-002 0 1
2
19 14 4 4 0 -1
19 14 4 2 0 2
tilted_haar_y2
2.074132e-002 -1 -2
5.285237e-001 -6.960334e-001 2.331924e-001 
2
2
0 17 3 1 0 -1
1 17 1 1 0 3
haar_x3
2.414602e-004 1 0
2
0 16 12 5 0 -1
6 16 6 5 0 2
haar_x2
-2.618733e-002 -1 -2
-7.643760e-001 5.895215e-001 -3.445893e-001 
2
2
3 5 18 5 0 -1
9 5 6 5 0 3
haar_x3
-6.950142e-002 1 0
2
12 4 1 6 0 -1
12 7 1 3 0 2
haar_y2
-1.529581e-004 -1 -2
-3.970624e-001 6.509192e-001 -8.579713e-001 
2
2
0 20 2 4 0 -1
1 20 1 4 0 2
haar_x2
3.730773e-004 1 0
2
0 20 4 4 0 -1
1 20 2 4 0 2
haar_x4
-1.262053e-003 -1 -2
-7.774535e-001 -6.459024e-001 4.497596e-001 
-1.037705e+000

3
-1
